omega= 0.09365
P tensor
 [[2.455 0.039 0.687]
 [0.039 1.127 0.289]
 [0.687 0.289 0.188]]
M tensor
 [[ 1.057  0.758 -2.748]
 [-1.648 -0.494 -0.819]
 [ 8.95   0.916  1.72 ]]
T tensor
 [[ 0.075 -0.316 -1.085]
 [-0.316 -0.005 -0.242]
 [-1.085 -0.242 -0.07 ]]
omega= 0.11689
P tensor
 [[ 0.025 -0.122  0.039]
 [-0.122  0.143 -0.428]
 [ 0.039 -0.428 -0.173]]
M tensor
 [[-0.755 -2.885 -1.17 ]
 [ 8.285  0.454  4.406]
 [ 1.983 -2.533  0.301]]
T tensor
 [[ 0.008  1.116 -0.488]
 [ 1.116 -0.004  2.028]
 [-0.488  2.028 -0.004]]
omega= 0.11872
P tensor
 [[  2.853 -10.238  -1.46 ]
 [-10.238  -1.216  -4.26 ]
 [ -1.46   -4.26   -1.631]]
M tensor
 [[-0.725  1.807  0.088]
 [ 2.305  1.352  1.841]
 [-0.344 -2.454 -0.627]]
T tensor
 [[ 0.113 -0.396  1.372]
 [-0.396 -0.645 -1.005]
 [ 1.372 -1.005  0.532]]
omega= 0.13586
P tensor
 [[ 7.017  0.311  0.268]
 [ 0.311  4.079  1.753]
 [ 0.268  1.753 -4.334]]
M tensor
 [[-1.413  1.432 -5.419]
 [-0.203 -3.278 -1.743]
 [ 1.722 -0.785  4.471]]
T tensor
 [[-0.086 -0.097 -0.483]
 [-0.097  1.056 -0.226]
 [-0.483 -0.226 -0.97 ]]
omega= 0.13931
P tensor
 [[ 3.824  1.721 -7.199]
 [ 1.721  1.839  0.076]
 [-7.199  0.076 -3.81 ]]
M tensor
 [[-1.781 -0.654 -0.436]
 [ 0.952  3.422  2.309]
 [-4.21   1.376 -5.102]]
T tensor
 [[ 0.792  0.584 -0.305]
 [ 0.584 -0.874 -0.459]
 [-0.305 -0.459  0.082]]
omega= 0.15548
P tensor
 [[-5.708 -1.095  3.073]
 [-1.095 -2.507  0.904]
 [ 3.073  0.904 -4.6  ]]
M tensor
 [[ 1.789  1.057 -0.263]
 [ 1.606 -5.177 -1.792]
 [-4.627 -3.324  6.235]]
T tensor
 [[-0.942  0.42   1.651]
 [ 0.42   2.19   1.235]
 [ 1.651  1.235 -1.248]]
